[gd_scene load_steps=7 format=3 uid="uid://3vgx4x1medyd"]

[ext_resource type="Script" path="res://scenes/main.gd" id="1_c4cfc"]
[ext_resource type="PackedScene" uid="uid://cixrjd5s3m4wv" path="res://scenes/demo_player.tscn" id="5_hi4s2"]
[ext_resource type="PackedScene" uid="uid://8k0e70vaoo5s" path="res://scenes/hud.tscn" id="10_mamny"]

[sub_resource type="Environment" id="Environment_eld7j"]
background_mode = 1
tonemap_exposure = 1.2
tonemap_white = 0.84
ssil_radius = 4.0
ssil_intensity = 2.0
sdfgi_cascades = 2
sdfgi_min_cell_size = 0.117188
sdfgi_cascade0_distance = 7.5
sdfgi_max_distance = 30.0
glow_enabled = true
glow_intensity = 2.0
glow_blend_mode = 0
fog_density = 0.002
volumetric_fog_enabled = true
volumetric_fog_density = 0.0
volumetric_fog_length = 120.0
volumetric_fog_detail_spread = 1.60766
volumetric_fog_temporal_reprojection_amount = 0.99

[sub_resource type="SeparationRayShape3D" id="SeparationRayShape3D_5cxah"]
length = 18.3

[sub_resource type="WorldBoundaryShape3D" id="WorldBoundaryShape3D_kw3ao"]

[node name="main" type="Node3D"]
script = ExtResource("1_c4cfc")

[node name="WorldEnvironment" type="WorldEnvironment" parent="."]
environment = SubResource("Environment_eld7j")

[node name="DirectionalLight3D" type="DirectionalLight3D" parent="."]
transform = Transform3D(-0.939692, 0.262003, -0.219846, 0, 0.642788, 0.766044, 0.34202, 0.719846, -0.604023, 0, 0, 0)
light_energy = 0.1

[node name="Control" parent="." instance=ExtResource("10_mamny")]
metadata/_edit_use_anchors_ = true

[node name="demo_player" parent="." instance=ExtResource("5_hi4s2")]
transform = Transform3D(1, 0, 0, 0, 1, 0, 0, 0, 1, 50, 1.3, 50)

[node name="Camera3D" type="Camera3D" parent="demo_player"]
transform = Transform3D(1, 0, 0, 0, 0.475624, 0.879649, 0, -0.879649, 0.475624, 0, 18, 8)
current = true

[node name="RayCast3D" type="RayCast3D" parent="demo_player/Camera3D"]
collision_mask = 8
collide_with_areas = true
debug_shape_custom_color = Color(1, 0, 0, 1)
debug_shape_thickness = 4

[node name="Area3D" type="Area3D" parent="demo_player/Camera3D"]
transform = Transform3D(-1, -3.05101e-09, -8.73695e-08, 0, 0.999391, -0.0348995, 8.74228e-08, -0.0348995, -0.999391, 0, 0, 0)
collision_layer = 8
collision_mask = 8

[node name="RayCast" type="CollisionShape3D" parent="demo_player/Camera3D/Area3D"]
shape = SubResource("SeparationRayShape3D_5cxah")

[node name="Camera3D_ISO" type="Camera3D" parent="demo_player"]
transform = Transform3D(1, 0, 0, 0, 0.707107, 0.707107, 0, -0.707107, 0.707107, 0, 94.5, 90)
projection = 1
size = 20.0

[node name="NavigationAgent3D2" type="NavigationAgent3D" parent="demo_player"]
navigation_layers = 15
avoidance_enabled = true
avoidance_layers = 15

[node name="world fog" type="FogVolume" parent="."]
transform = Transform3D(1, 0, 0, 0, 1, 0, 0, 0, 1, 80, 0, 80)
size = Vector3(160, 3, 160)

[node name="WorldBoundary" type="Area3D" parent="."]

[node name="CollisionShape3D" type="CollisionShape3D" parent="WorldBoundary"]
shape = SubResource("WorldBoundaryShape3D_kw3ao")

[connection signal="area_entered" from="demo_player/Camera3D/Area3D" to="." method="_on_area_3d_area_entered"]
[connection signal="area_exited" from="demo_player/Camera3D/Area3D" to="." method="_on_area_3d_area_exited"]
