[gd_scene load_steps=2 format=3 uid="uid://bw6frj8fmg748"]

[ext_resource type="PackedScene" uid="uid://dfkiclo4u7was" path="res://assets/enemies/skeleton.glb" id="1_137y6"]

[node name="skeleton" instance=ExtResource("1_137y6")]

[node name="Skeleton3D" parent="Armature" index="0"]
bones/1/rotation = Quaternion(0.998006, 3.61608e-08, -0.032075, -0.0543535)
bones/2/rotation = Quaternion(-0.0543245, 3.7308e-09, 0.00174598, 0.998522)
bones/3/rotation = Quaternion(0.998006, -3.61608e-08, 0.032075, -0.0543535)
bones/4/rotation = Quaternion(-0.0543245, -3.7308e-09, -0.00174598, 0.998522)
bones/6/rotation = Quaternion(0.0130841, -0.0130842, 0.704304, -0.709657)
bones/7/rotation = Quaternion(0.0185039, -1.09028e-07, -0.00378482, 0.999822)
bones/8/rotation = Quaternion(0, -1.19209e-07, 0, 1)
bones/11/rotation = Quaternion(-0.0166917, -0.0166918, 0.703487, 0.710316)
bones/12/rotation = Quaternion(0.0236056, 1.05525e-07, 0.00482834, 0.99971)

[node name="axe" parent="Armature/Skeleton3D" index="0"]
transform = Transform3D(-0.992445, -0.0116565, 0.122141, 0.119452, -0.31919, 0.940132, 0.0280276, 0.947619, 0.318171, -0.164258, 1.00261, -0.391458)
bone_idx = 15

[node name="axe" parent="Armature/Skeleton3D/axe" index="0"]
visible = false

[node name="hammer" parent="Armature/Skeleton3D" index="1"]
transform = Transform3D(-0.992445, -0.0116565, 0.122141, 0.119452, -0.31919, 0.940132, 0.0280276, 0.947619, 0.318171, -0.164258, 1.00261, -0.391458)
bone_idx = 16

[node name="hammer" parent="Armature/Skeleton3D/hammer" index="0"]
visible = false

[node name="mace" parent="Armature/Skeleton3D" index="2"]
transform = Transform3D(-0.992445, -0.0116565, 0.122141, 0.119452, -0.31919, 0.940132, 0.0280276, 0.947619, 0.318171, -0.164258, 1.00261, -0.391458)
bone_idx = 17

[node name="mace" parent="Armature/Skeleton3D/mace" index="0"]
visible = false

[node name="pickaxe" parent="Armature/Skeleton3D" index="3"]
transform = Transform3D(-0.992445, -0.0116565, 0.122141, 0.119452, -0.31919, 0.940132, 0.0280276, 0.947619, 0.318171, -0.164258, 1.00261, -0.391458)
bone_idx = 18

[node name="pickaxe" parent="Armature/Skeleton3D/pickaxe" index="0"]
visible = false

[node name="scythe" parent="Armature/Skeleton3D" index="4"]
transform = Transform3D(-0.694988, -0.693818, 0.188701, 0.3644, -0.113634, 0.924283, -0.619842, 0.711129, 0.331802, -1.04458, 0.762043, 0.561954)
bone_idx = 19

[node name="scythe" parent="Armature/Skeleton3D/scythe" index="0"]
visible = false

[node name="shield" parent="Armature/Skeleton3D" index="5"]
transform = Transform3D(-0.0107072, 0.994108, 0.107866, -0.339254, -0.105086, 0.934807, 0.940634, -0.026585, 0.338381, -0.890773, 1.12719, 0.0315368)
bone_idx = 20

[node name="shield" parent="Armature/Skeleton3D/shield" index="0"]
visible = false

[node name="sword" parent="Armature/Skeleton3D" index="6"]
transform = Transform3D(-0.992445, -0.0116565, 0.122141, 0.119452, -0.31919, 0.940132, 0.0280276, 0.947619, 0.318171, -0.168033, 0.974074, -0.327913)
bone_idx = 21
